Freq Z_mod Z_Fase Err Eri E_mod E_fase R X
+5.794984e+01 +6.028778e+06 -2.259232e-01 +1.796287e+00 +4.555491e+02 +4.555527e+02 -1.566853e+00 +6.028732e+06 -2.377203e+04
+6.069215e+01 +6.359577e+06 -1.764722e-01 +1.270025e+00 +4.123417e+02 +4.123437e+02 -1.567716e+00 +6.359547e+06 -1.958760e+04
+6.356424e+01 +6.016245e+06 -1.939255e-01 +1.408618e+00 +4.161781e+02 +4.161805e+02 -1.567412e+00 +6.016211e+06 -2.036277e+04
+6.657224e+01 +6.830424e+06 -1.338086e-01 +8.174106e-01 +3.500081e+02 +3.500091e+02 -1.568461e+00 +6.830405e+06 -1.595176e+04
+6.972259e+01 +6.858601e+06 -1.696848e-01 +9.856681e-01 +3.328198e+02 +3.328213e+02 -1.567835e+00 +6.858571e+06 -2.031212e+04
+7.302202e+01 +5.678352e+06 -8.241833e-02 +5.521347e-01 +3.838341e+02 +3.838345e+02 -1.569358e+00 +5.678346e+06 -8.168143e+03
+7.647758e+01 +5.469948e+06 +3.684584e-02 -2.446632e-01 +3.804545e+02 +3.804546e+02 -1.571439e+00 +5.469947e+06 +3.517621e+03
+8.009667e+01 +5.194613e+06 +3.005845e-02 -2.006764e-01 +3.825185e+02 +3.825185e+02 -1.571321e+00 +5.194612e+06 +2.725192e+03
+8.388702e+01 +5.622926e+06 -2.036217e-02 +1.199125e-01 +3.374139e+02 +3.374139e+02 -1.570441e+00 +5.622925e+06 -1.998315e+03
+8.785674e+01 +5.441756e+06 -2.908882e-03 +1.690088e-02 +3.328940e+02 +3.328940e+02 -1.570746e+00 +5.441756e+06 -2.762756e+02
+9.201432e+01 +5.596593e+06 -4.460286e-02 +2.405919e-01 +3.090586e+02 +3.090587e+02 -1.570018e+00 +5.596591e+06 -4.356761e+03
+9.636864e+01 +5.651419e+06 -1.367175e-01 +6.973131e-01 +2.922306e+02 +2.922314e+02 -1.568410e+00 +5.651403e+06 -1.348523e+04
+1.009290e+02 +5.237148e+06 -2.210750e-01 +1.161784e+00 +3.010967e+02 +3.010989e+02 -1.566938e+00 +5.237109e+06 -2.020742e+04
+1.057052e+02 +5.167960e+06 -1.706544e-01 +8.677584e-01 +2.913417e+02 +2.913430e+02 -1.567818e+00 +5.167937e+06 -1.539265e+04
+1.107074e+02 +5.486779e+06 -1.619278e-01 +7.404983e-01 +2.620138e+02 +2.620149e+02 -1.567970e+00 +5.486757e+06 -1.550657e+04
+1.159463e+02 +5.880121e+06 -3.655495e-01 +1.489352e+00 +2.334361e+02 +2.334408e+02 -1.564416e+00 +5.880001e+06 -3.751517e+04
+1.214332e+02 +6.458401e+06 -2.744045e-01 +9.719072e-01 +2.029331e+02 +2.029354e+02 -1.566007e+00 +6.458327e+06 -3.093086e+04
+1.271797e+02 +5.646392e+06 -2.918578e-01 +1.128959e+00 +2.216286e+02 +2.216315e+02 -1.565702e+00 +5.646318e+06 -2.876192e+04
+1.331981e+02 +6.396409e+06 -3.432481e-01 +1.119100e+00 +1.868005e+02 +1.868039e+02 -1.564806e+00 +6.396294e+06 -3.831944e+04
+1.395013e+02 +6.343415e+06 -2.569513e-01 +8.065761e-01 +1.798516e+02 +1.798534e+02 -1.566312e+00 +6.343351e+06 -2.844787e+04
+1.461028e+02 +6.694430e+06 -2.365891e-01 +6.719218e-01 +1.627212e+02 +1.627226e+02 -1.566667e+00 +6.694373e+06 -2.764295e+04
+1.530167e+02 +6.094690e+06 -1.502922e-01 +4.476546e-01 +1.706586e+02 +1.706592e+02 -1.568173e+00 +6.094669e+06 -1.598693e+04
+1.602578e+02 +6.024373e+06 -1.241123e-01 +3.570926e-01 +1.648496e+02 +1.648500e+02 -1.568630e+00 +6.024359e+06 -1.304980e+04
+1.678416e+02 +5.676339e+06 -1.599885e-01 +4.664637e-01 +1.670516e+02 +1.670522e+02 -1.568004e+00 +5.676317e+06 -1.585017e+04
+1.757842e+02 +6.251834e+06 -1.522315e-01 +3.847815e-01 +1.448209e+02 +1.448214e+02 -1.568139e+00 +6.251812e+06 -1.661073e+04
+1.841027e+02 +5.817636e+06 -1.376871e-01 +3.570948e-01 +1.485977e+02 +1.485981e+02 -1.568393e+00 +5.817619e+06 -1.398031e+04
+1.928149e+02 +6.064274e+06 -1.832596e-01 +4.353555e-01 +1.361127e+02 +1.361134e+02 -1.567598e+00 +6.064243e+06 -1.939644e+04
+2.019393e+02 +5.436506e+06 -1.241123e-01 +3.140301e-01 +1.449701e+02 +1.449704e+02 -1.568630e+00 +5.436493e+06 -1.177638e+04
+2.114955e+02 +5.116361e+06 -2.181662e-01 +5.600431e-01 +1.470803e+02 +1.470814e+02 -1.566989e+00 +5.116324e+06 -1.948161e+04
+2.215040e+02 +4.730178e+06 -1.900470e-01 +5.038470e-01 +1.519003e+02 +1.519012e+02 -1.567479e+00 +4.730152e+06 -1.568971e+04
+2.319860e+02 +5.101760e+06 -1.541708e-01 +3.618404e-01 +1.344735e+02 +1.344740e+02 -1.568106e+00 +5.101741e+06 -1.372773e+04
+2.429641e+02 +5.044035e+06 -1.250819e-01 +2.835120e-01 +1.298670e+02 +1.298673e+02 -1.568613e+00 +5.044023e+06 -1.101158e+04
+2.544617e+02 +5.041068e+06 -1.900470e-01 +4.115405e-01 +1.240717e+02 +1.240724e+02 -1.567479e+00 +5.041040e+06 -1.672092e+04
+2.665034e+02 +4.406155e+06 -2.414372e-01 +5.711338e-01 +1.355357e+02 +1.355369e+02 -1.566582e+00 +4.406116e+06 -1.856693e+04
+2.791150e+02 +4.935499e+06 -1.978040e-01 +3.988573e-01 +1.155323e+02 +1.155330e+02 -1.567344e+00 +4.935469e+06 -1.703894e+04
+2.923233e+02 +5.461467e+06 -1.027805e-01 +1.788279e-01 +9.968886e+01 +9.968902e+01 -1.569002e+00 +5.461459e+06 -9.797092e+03
+3.061567e+02 +6.051776e+06 -1.134464e-01 +1.700832e-01 +8.589989e+01 +8.590006e+01 -1.568816e+00 +6.051765e+06 -1.198259e+04
+3.206447e+02 +7.098721e+06 +8.823609e-02 -1.076811e-01 +6.992225e+01 +6.992234e+01 -1.572336e+00 +7.098712e+06 +1.093210e+04
+3.358183e+02 +7.215702e+06 +1.250819e-01 -1.433866e-01 +6.568044e+01 +6.568060e+01 -1.572979e+00 +7.215685e+06 +1.575253e+04
+3.517100e+02 +7.319263e+06 -5.720801e-02 +6.173084e-02 +6.182552e+01 +6.182556e+01 -1.569798e+00 +7.319260e+06 -7.308050e+03
+3.683537e+02 +7.231572e+06 -1.173249e-01 +1.223460e-01 +5.974774e+01 +5.974786e+01 -1.568749e+00 +7.231556e+06 -1.480812e+04
+3.857850e+02 +7.040542e+06 -1.328389e-01 +1.358536e-01 +5.859593e+01 +5.859609e+01 -1.568478e+00 +7.040523e+06 -1.632332e+04
+4.040412e+02 +6.732468e+06 -8.726646e-03 +8.911378e-03 +5.850866e+01 +5.850866e+01 -1.570644e+00 +6.732468e+06 -1.025414e+03
+4.231614e+02 +7.373996e+06 +4.460286e-02 -3.970555e-02 +5.100480e+01 +5.100482e+01 -1.571575e+00 +7.373994e+06 +5.740410e+03
+4.431863e+02 +6.804619e+06 -8.629684e-02 +7.948808e-02 +5.277515e+01 +5.277521e+01 -1.569290e+00 +6.804612e+06 -1.024887e+04
+4.641589e+02 +6.538954e+06 +9.599311e-02 -8.785417e-02 +5.243781e+01 +5.243789e+01 -1.572472e+00 +6.538945e+06 +1.095533e+04
+4.861239e+02 +5.462092e+06 -2.142876e-01 +2.241752e-01 +5.993922e+01 +5.993964e+01 -1.567056e+00 +5.462053e+06 -2.042831e+04
+5.091284e+02 +5.282878e+06 -3.694280e-01 +3.815280e-01 +5.917159e+01 +5.917282e+01 -1.564349e+00 +5.282768e+06 -3.406236e+04
+5.332215e+02 +4.845325e+06 -3.703977e-01 +3.982283e-01 +6.159997e+01 +6.160126e+01 -1.564332e+00 +4.845224e+06 -3.132315e+04
+5.584547e+02 +4.815750e+06 -4.072435e-01 +4.206260e-01 +5.917759e+01 +5.917909e+01 -1.563689e+00 +4.815628e+06 -3.422881e+04
+5.848820e+02 +4.775306e+06 -3.432481e-01 +3.413765e-01 +5.698268e+01 +5.698371e+01 -1.564806e+00 +4.775220e+06 -2.860777e+04
+6.125599e+02 +4.759631e+06 -4.072435e-01 +3.879950e-01 +5.458676e+01 +5.458814e+01 -1.563689e+00 +4.759510e+06 -3.382993e+04
+6.415476e+02 +3.839589e+06 -6.098956e-01 +6.877509e-01 +6.460734e+01 +6.461100e+01 -1.560152e+00 +3.839371e+06 -4.087045e+04
+6.719071e+02 +3.576740e+06 -6.496503e-01 +7.508813e-01 +6.622099e+01 +6.622525e+01 -1.559458e+00 +3.576510e+06 -4.055413e+04
+7.037033e+02 +3.354678e+06 -9.036927e-01 +1.063310e+00 +6.741021e+01 +6.741859e+01 -1.555024e+00 +3.354261e+06 -5.290918e+04
+7.370041e+02 +3.506528e+06 -7.815197e-01 +8.399951e-01 +6.157899e+01 +6.158472e+01 -1.557156e+00 +3.506202e+06 -4.782788e+04
+7.718807e+02 +3.846950e+06 -7.776411e-01 +7.274391e-01 +5.359366e+01 +5.359859e+01 -1.557224e+00 +3.846596e+06 -5.221073e+04
+8.084079e+02 +3.775508e+06 -6.690429e-01 +6.088856e-01 +5.214164e+01 +5.214519e+01 -1.559119e+00 +3.775250e+06 -4.408560e+04
+8.466635e+02 +3.725908e+06 -7.194635e-01 +6.335077e-01 +5.044788e+01 +5.045186e+01 -1.558239e+00 +3.725614e+06 -4.678502e+04
+8.867295e+02 +3.811468e+06 -8.047907e-01 +6.614282e-01 +4.708622e+01 +4.709087e+01 -1.556750e+00 +3.811092e+06 -5.353506e+04
+9.286915e+02 +3.913249e+06 -7.921856e-01 +6.054825e-01 +4.378946e+01 +4.379365e+01 -1.556970e+00 +3.912875e+06 -5.410382e+04
+9.726393e+02 +3.402831e+06 -8.668469e-01 +7.274968e-01 +4.808152e+01 +4.808703e+01 -1.555667e+00 +3.402442e+06 -5.148060e+04
+1.018667e+03 +3.491408e+06 -8.387277e-01 +6.550436e-01 +4.474462e+01 +4.474941e+01 -1.556158e+00 +3.491034e+06 -5.110736e+04
+1.066872e+03 +3.306388e+06 -8.426062e-01 +6.634989e-01 +4.511354e+01 +4.511842e+01 -1.556090e+00 +3.306031e+06 -4.862283e+04
+1.117359e+03 +3.161592e+06 -9.512044e-01 +7.479159e-01 +4.504656e+01 +4.505277e+01 -1.554195e+00 +3.161157e+06 -5.248524e+04
+1.170235e+03 +2.788169e+06 -9.318119e-01 +7.932580e-01 +4.877200e+01 +4.877845e+01 -1.554533e+00 +2.787800e+06 -4.534251e+04
+1.225613e+03 +2.709850e+06 -1.013261e+00 +8.474173e-01 +4.791302e+01 +4.792051e+01 -1.553112e+00 +2.709426e+06 -4.792048e+04
+1.283612e+03 +2.648126e+06 -1.038471e+00 +8.485857e-01 +4.681408e+01 +4.682177e+01 -1.552672e+00 +2.647691e+06 -4.799395e+04
+1.344355e+03 +2.490359e+06 -1.040410e+00 +8.631816e-01 +4.753051e+01 +4.753835e+01 -1.552638e+00 +2.489948e+06 -4.521891e+04
+1.407973e+03 +2.370051e+06 -1.041380e+00 +8.668233e-01 +4.768659e+01 +4.769447e+01 -1.552621e+00 +2.369660e+06 -4.307451e+04
+1.474602e+03 +2.460352e+06 -9.715666e-01 +7.438362e-01 +4.386173e+01 +4.386803e+01 -1.553839e+00 +2.459998e+06 -4.171828e+04
+1.544383e+03 +2.323738e+06 -9.764148e-01 +7.557334e-01 +4.434196e+01 +4.434840e+01 -1.553755e+00 +2.323401e+06 -3.959842e+04
+1.617467e+03 +2.259794e+06 -1.025866e+00 +7.795800e-01 +4.353578e+01 +4.354276e+01 -1.552892e+00 +2.259432e+06 -4.045885e+04
+1.694009e+03 +2.144251e+06 -1.036532e+00 +7.926200e-01 +4.380843e+01 +4.381560e+01 -1.552705e+00 +2.143901e+06 -3.878930e+04
+1.774173e+03 +2.109847e+06 -1.069499e+00 +7.936076e-01 +4.251064e+01 +4.251804e+01 -1.552130e+00 +2.109479e+06 -3.938070e+04
+1.858131e+03 +2.085731e+06 -1.123798e+00 +8.054216e-01 +4.105839e+01 +4.106629e+01 -1.551182e+00 +2.085330e+06 -4.090686e+04
+1.946062e+03 +1.978612e+06 -1.111193e+00 +8.015720e-01 +4.132580e+01 +4.133357e+01 -1.551402e+00 +1.978240e+06 -3.837074e+04
+2.038154e+03 +1.912443e+06 -8.455151e-01 +6.025285e-01 +4.082699e+01 +4.083144e+01 -1.556039e+00 +1.912235e+06 -2.822094e+04
+2.134604e+03 +1.776930e+06 -8.959357e-01 +6.560986e-01 +4.195459e+01 +4.195972e+01 -1.555159e+00 +1.776713e+06 -2.778477e+04
+2.235618e+03 +1.636418e+06 -9.783540e-01 +7.428148e-01 +4.349757e+01 +4.350391e+01 -1.553721e+00 +1.636179e+06 -2.794130e+04
+2.341412e+03 +1.590160e+06 -1.008412e+00 +7.523062e-01 +4.273997e+01 +4.274659e+01 -1.553196e+00 +1.589913e+06 -2.798555e+04
+2.452213e+03 +1.571253e+06 -6.991013e-01 +5.039905e-01 +4.130316e+01 +4.130624e+01 -1.558595e+00 +1.571137e+06 -1.917136e+04
+2.568257e+03 +1.499718e+06 -7.155850e-01 +5.160589e-01 +4.131789e+01 +4.132111e+01 -1.558307e+00 +1.499601e+06 -1.872996e+04
+2.689793e+03 +1.411415e+06 -7.029798e-01 +5.143467e-01 +4.191929e+01 +4.192245e+01 -1.558527e+00 +1.411308e+06 -1.731665e+04
+2.817080e+03 +1.382210e+06 -6.826177e-01 +4.869579e-01 +4.087106e+01 +4.087397e+01 -1.558882e+00 +1.382112e+06 -1.646716e+04
+2.950391e+03 +1.346028e+06 -6.826177e-01 +4.774534e-01 +4.007334e+01 +4.007618e+01 -1.558882e+00 +1.345933e+06 -1.603610e+04
+3.090010e+03 +1.336849e+06 -9.570222e-01 +6.435129e-01 +3.852277e+01 +3.852814e+01 -1.554093e+00 +1.336662e+06 -2.232860e+04
+3.236236e+03 +1.302312e+06 -9.550830e-01 +6.294530e-01 +3.775762e+01 +3.776287e+01 -1.554127e+00 +1.302131e+06 -2.170768e+04
+3.389382e+03 +1.252718e+06 -9.744755e-01 +6.374904e-01 +3.747861e+01 +3.748403e+01 -1.553789e+00 +1.252537e+06 -2.130496e+04
+3.549775e+03 +1.191636e+06 -9.812629e-01 +6.443431e-01 +3.761941e+01 +3.762493e+01 -1.553670e+00 +1.191461e+06 -2.040728e+04
+3.717758e+03 +1.106783e+06 -1.320632e+00 +8.914506e-01 +3.866883e+01 +3.867910e+01 -1.547747e+00 +1.106489e+06 -2.550842e+04
+3.893691e+03 +1.090074e+06 -1.310936e+00 +8.578742e-01 +3.748771e+01 +3.749752e+01 -1.547916e+00 +1.089789e+06 -2.493889e+04
+4.077949e+03 +1.069160e+06 -1.010352e+00 +6.436695e-01 +3.649791e+01 +3.650358e+01 -1.553162e+00 +1.068994e+06 -1.885256e+04
+4.270926e+03 +1.012601e+06 -1.018109e+00 +6.538953e-01 +3.679518e+01 +3.680099e+01 -1.553027e+00 +1.012442e+06 -1.799232e+04
+4.473036e+03 +9.718549e+05 -1.016169e+00 +6.492875e-01 +3.660564e+01 +3.661140e+01 -1.553061e+00 +9.717020e+05 -1.723543e+04
+4.684710e+03 +8.946333e+05 -1.079195e+00 +7.152272e-01 +3.796779e+01 +3.797452e+01 -1.551961e+00 +8.944746e+05 -1.684988e+04
+4.906401e+03 +8.613778e+05 -1.100527e+00 +7.232939e-01 +3.765159e+01 +3.765853e+01 -1.551589e+00 +8.612189e+05 -1.654417e+04
+5.138583e+03 +8.430194e+05 -1.096649e+00 +7.031654e-01 +3.673327e+01 +3.674000e+01 -1.551656e+00 +8.428650e+05 -1.613451e+04
+5.381752e+03 +8.228597e+05 -1.100527e+00 +6.902748e-01 +3.593275e+01 +3.593938e+01 -1.551589e+00 +8.227079e+05 -1.580437e+04
+5.636429e+03 +7.909000e+05 -1.076286e+00 +6.706165e-01 +3.569587e+01 +3.570216e+01 -1.552012e+00 +7.907605e+05 -1.485598e+04
+5.903157e+03 +7.400958e+05 -1.100527e+00 +6.996796e-01 +3.642233e+01 +3.642905e+01 -1.551589e+00 +7.399593e+05 -1.421475e+04
+6.182508e+03 +6.940389e+05 -1.439897e+00 +9.320402e-01 +3.707955e+01 +3.709127e+01 -1.545665e+00 +6.938197e+05 -1.744001e+04
+6.475078e+03 +6.634694e+05 -1.444745e+00 +9.340641e-01 +3.703532e+01 +3.704710e+01 -1.545581e+00 +6.632585e+05 -1.672798e+04
+6.781493e+03 +6.394917e+05 -1.462198e+00 +9.364754e-01 +3.668753e+01 +3.669948e+01 -1.545276e+00 +6.392834e+05 -1.631816e+04
+7.102408e+03 +6.206486e+05 -1.457350e+00 +9.182546e-01 +3.609344e+01 +3.610511e+01 -1.545361e+00 +6.204479e+05 -1.578484e+04
+7.438510e+03 +5.926132e+05 -1.443775e+00 +9.096909e-01 +3.609317e+01 +3.610463e+01 -1.545598e+00 +5.924251e+05 -1.493146e+04
+7.790517e+03 +5.553729e+05 -1.456380e+00 +9.349202e-01 +3.677298e+01 +3.678487e+01 -1.545378e+00 +5.551935e+05 -1.411530e+04
+8.159181e+03 +5.396000e+05 -1.455411e+00 +9.181588e-01 +3.613778e+01 +3.614944e+01 -1.545395e+00 +5.394259e+05 -1.370529e+04
+8.545292e+03 +5.135840e+05 -1.480621e+00 +9.370325e-01 +3.625239e+01 +3.626450e+01 -1.544955e+00 +5.134126e+05 -1.327041e+04
+8.949674e+03 +4.946924e+05 -1.485469e+00 +9.319016e-01 +3.593616e+01 +3.594825e+01 -1.544870e+00 +4.945261e+05 -1.282412e+04
+9.373193e+03 +4.619215e+05 -1.487408e+00 +9.541644e-01 +3.674667e+01 +3.675906e+01 -1.544836e+00 +4.617659e+05 -1.199022e+04
+9.816753e+03 +4.476535e+05 -1.489348e+00 +9.413147e-01 +3.620458e+01 +3.621682e+01 -1.544802e+00 +4.475022e+05 -1.163500e+04
+1.028130e+04 +4.303729e+05 -1.493226e+00 +9.373047e-01 +3.595667e+01 +3.596889e+01 -1.544735e+00 +4.302268e+05 -1.121499e+04
+1.076784e+04 +4.209139e+05 -1.479651e+00 +9.067485e-01 +3.510375e+01 +3.511546e+01 -1.544972e+00 +4.207735e+05 -1.086880e+04
+1.127740e+04 +4.014382e+05 -1.491287e+00 +9.149179e-01 +3.514354e+01 +3.515545e+01 -1.544768e+00 +4.013022e+05 -1.044740e+04
+1.181107e+04 +3.812396e+05 -1.497105e+00 +9.234494e-01 +3.533334e+01 +3.534541e+01 -1.544667e+00 +3.811094e+05 -9.960430e+03
+1.236999e+04 +3.519021e+05 -1.504862e+00 +9.601804e-01 +3.654929e+01 +3.656190e+01 -1.544532e+00 +3.517807e+05 -9.241572e+03
+1.295537e+04 +3.540951e+05 -1.486439e+00 +8.999659e-01 +3.468201e+01 +3.469368e+01 -1.544853e+00 +3.539760e+05 -9.185348e+03
+1.356845e+04 +3.417667e+05 -1.477712e+00 +8.850735e-01 +3.430962e+01 +3.432103e+01 -1.545005e+00 +3.416530e+05 -8.813507e+03
+1.421054e+04 +3.314312e+05 -1.471894e+00 +8.680055e-01 +3.378103e+01 +3.379218e+01 -1.545107e+00 +3.313219e+05 -8.513334e+03
+1.488301e+04 +3.115597e+05 -1.482560e+00 +8.880334e-01 +3.431173e+01 +3.432322e+01 -1.544921e+00 +3.114554e+05 -8.060882e+03
+1.558731e+04 +2.972396e+05 -1.490317e+00 +8.934074e-01 +3.433962e+01 +3.435124e+01 -1.544785e+00 +2.971390e+05 -7.730610e+03
+1.632493e+04 +2.787771e+05 -1.507771e+00 +9.201829e-01 +3.495918e+01 +3.497129e+01 -1.544481e+00 +2.786806e+05 -7.335328e+03
+1.709747e+04 +2.637562e+05 -1.505831e+00 +9.274475e-01 +3.528057e+01 +3.529276e+01 -1.544515e+00 +2.636652e+05 -6.931168e+03
+1.790656e+04 +2.532403e+05 -1.510679e+00 +9.252832e-01 +3.508523e+01 +3.509743e+01 -1.544430e+00 +2.531523e+05 -6.676243e+03
+1.875393e+04 +5.757312e+05 -1.468016e+00 +3.776318e-01 +1.473552e+01 +1.474036e+01 -1.545175e+00 +5.755423e+05 -1.474961e+04
+1.964141e+04 +5.682097e+05 -1.481591e+00 +3.687194e-01 +1.425586e+01 +1.426063e+01 -1.544938e+00 +5.680198e+05 -1.469149e+04
+2.057089e+04 +5.582326e+05 -1.489348e+00 +3.602271e-01 +1.385496e+01 +1.385964e+01 -1.544802e+00 +5.580441e+05 -1.450908e+04
+2.154435e+04 +5.487104e+05 -1.492257e+00 +3.506028e-01 +1.345849e+01 +1.346305e+01 -1.544752e+00 +5.485243e+05 -1.428943e+04
+2.256387e+04 +5.453014e+05 -1.492257e+00 +3.368539e-01 +1.293072e+01 +1.293510e+01 -1.544752e+00 +5.451165e+05 -1.420065e+04
+2.363165e+04 +5.357882e+05 -1.491287e+00 +3.271316e-01 +1.256568e+01 +1.256993e+01 -1.544768e+00 +5.356067e+05 -1.394385e+04
+2.474995e+04 +5.279014e+05 -1.487408e+00 +3.161927e-01 +1.217718e+01 +1.218128e+01 -1.544836e+00 +5.277235e+05 -1.370287e+04
+2.592117e+04 +5.224146e+05 -1.488378e+00 +3.052755e-01 +1.174907e+01 +1.175304e+01 -1.544819e+00 +5.222383e+05 -1.356929e+04
+2.714782e+04 +5.151028e+05 -1.142221e+00 +2.268768e-01 +1.137902e+01 +1.138129e+01 -1.550861e+00 +5.150004e+05 -1.026816e+04
+2.843251e+04 +1.742444e+05 -1.177128e+00 +6.599580e-01 +3.211843e+01 +3.212521e+01 -1.550252e+00 +1.742077e+05 -3.579557e+03
+2.977800e+04 +1.503139e+05 -1.181006e+00 +7.328654e-01 +3.554947e+01 +3.555703e+01 -1.550184e+00 +1.502820e+05 -3.098117e+03
+3.118717e+04 +1.414632e+05 -1.181976e+00 +7.441421e-01 +3.606686e+01 +3.607454e+01 -1.550167e+00 +1.414331e+05 -2.918089e+03
+3.266301e+04 +1.359556e+05 -1.181006e+00 +7.386959e-01 +3.583230e+01 +3.583991e+01 -1.550184e+00 +1.359267e+05 -2.802178e+03
+3.420870e+04 +1.228875e+05 -1.176158e+00 +7.771206e-01 +3.785161e+01 +3.785959e+01 -1.550268e+00 +1.228616e+05 -2.522436e+03
+3.582753e+04 +1.185403e+05 -1.175188e+00 +7.685847e-01 +3.746674e+01 +3.747463e+01 -1.550285e+00 +1.185153e+05 -2.431198e+03
+3.752297e+04 +1.119806e+05 -1.181006e+00 +7.806909e-01 +3.786937e+01 +3.787741e+01 -1.550184e+00 +1.119568e+05 -2.308030e+03
+3.929864e+04 +1.063743e+05 -1.189733e+00 +7.904993e-01 +3.806381e+01 +3.807202e+01 -1.550032e+00 +1.063514e+05 -2.208678e+03
+4.115834e+04 +1.047750e+05 -1.530072e+00 +9.854673e-01 +3.689349e+01 +3.690665e+01 -1.544092e+00 +1.047376e+05 -2.797662e+03
+4.310604e+04 +9.940069e+04 -1.536859e+00 +9.962125e-01 +3.713097e+01 +3.714433e+01 -1.543973e+00 +9.936494e+04 -2.665931e+03
+4.514592e+04 +9.282986e+04 -1.540738e+00 +1.021099e+00 +3.796268e+01 +3.797641e+01 -1.543905e+00 +9.279630e+04 -2.495982e+03
+4.728232e+04 +8.915556e+04 -1.194581e+00 +7.871081e-01 +3.774666e+01 +3.775487e+01 -1.549947e+00 +8.913618e+04 -1.858703e+03
+4.951983e+04 +8.423333e+04 -1.193611e+00 +7.948147e-01 +3.814721e+01 +3.815549e+01 -1.549964e+00 +8.421506e+04 -1.754660e+03
+5.186322e+04 +8.055417e+04 -1.194581e+00 +7.942078e-01 +3.808713e+01 +3.809541e+01 -1.549947e+00 +8.053666e+04 -1.679382e+03
+5.431750e+04 +7.723750e+04 -1.187794e+00 +7.863925e-01 +3.792790e+01 +3.793605e+01 -1.550065e+00 +7.722090e+04 -1.601089e+03
+5.688792e+04 +7.483264e+04 -1.181006e+00 +7.705623e-01 +3.737806e+01 +3.738600e+01 -1.550184e+00 +7.481674e+04 -1.542374e+03
+5.957999e+04 +7.106944e+04 -1.176158e+00 +7.715238e-01 +3.757901e+01 +3.758693e+01 -1.550268e+00 +7.105447e+04 -1.458799e+03
+6.239944e+04 +6.637292e+04 -1.181006e+00 +7.920403e-01 +3.841990e+01 +3.842806e+01 -1.550184e+00 +6.635882e+04 -1.368011e+03
+6.535233e+04 +6.363403e+04 -1.181976e+00 +7.894503e-01 +3.826284e+01 +3.827099e+01 -1.550167e+00 +6.362049e+04 -1.312637e+03
+6.844494e+04 +6.165972e+04 -1.180036e+00 +7.766392e-01 +3.770380e+01 +3.771179e+01 -1.550201e+00 +6.164665e+04 -1.269824e+03
+7.168391e+04 +5.876528e+04 -1.525224e+00 +1.005628e+00 +3.776798e+01 +3.778137e+01 -1.544176e+00 +5.874446e+04 -1.564157e+03
+7.507615e+04 +5.631389e+04 -1.183915e+00 +7.778030e-01 +3.763656e+01 +3.764459e+01 -1.550133e+00 +5.630187e+04 -1.163543e+03
+7.862892e+04 +5.421250e+04 -8.435758e-01 +5.496980e-01 +3.733286e+01 +3.733691e+01 -1.556073e+00 +5.420662e+04 -7.981513e+02
+8.234982e+04 +5.118333e+04 -8.561810e-01 +5.642294e-01 +3.775552e+01 +3.775973e+01 -1.555853e+00 +5.117762e+04 -7.648131e+02
+8.624680e+04 +4.895208e+04 -8.610291e-01 +5.664803e-01 +3.769267e+01 +3.769693e+01 -1.555769e+00 +4.894656e+04 -7.356141e+02
+9.032819e+04 +4.711042e+04 -5.187506e-01 +3.386179e-01 +3.739918e+01 +3.740071e+01 -1.561742e+00 +4.710849e+04 -4.265275e+02
+9.460272e+04 +4.368472e+04 -1.774418e-01 +1.192668e-01 +3.851101e+01 +3.851119e+01 -1.567699e+00 +4.368451e+04 -1.352889e+02
+9.907953e+04 +4.133681e+04 -1.745329e-01 +1.183732e-01 +3.885951e+01 +3.885969e+01 -1.567750e+00 +4.133661e+04 -1.259189e+02
+1.037682e+05 +3.918542e+04 +1.658063e-01 -1.132685e-01 +3.914079e+01 +3.914095e+01 -1.573690e+00 +3.918525e+04 +1.133972e+02
+1.086787e+05 +3.778403e+04 +1.687152e-01 -1.141296e-01 +3.875836e+01 +3.875853e+01 -1.573741e+00 +3.778386e+04 +1.112600e+02
+1.138217e+05 +3.596806e+04 -1.784114e-01 +1.210536e-01 +3.887552e+01 +3.887570e+01 -1.567682e+00 +3.596788e+04 -1.119996e+02
+1.192080e+05 +3.347569e+04 -1.803507e-01 +1.255393e-01 +3.988257e+01 +3.988277e+01 -1.567649e+00 +3.347553e+04 -1.053717e+02
+1.248491e+05 +3.192500e+04 -1.784114e-01 +1.243378e-01 +3.993021e+01 +3.993040e+01 -1.567682e+00 +3.192485e+04 -9.941004e+01
+1.307573e+05 +3.090833e+04 +1.599885e-01 -1.099624e-01 +3.938012e+01 +3.938027e+01 -1.573589e+00 +3.090821e+04 +8.630604e+01
+1.369450e+05 +2.885278e+04 -1.871381e-01 +1.315604e-01 +4.027949e+01 +4.027971e+01 -1.567530e+00 +2.885262e+04 -9.423807e+01
+1.434255e+05 +2.855694e+04 -5.265077e-01 +3.570737e-01 +3.885649e+01 +3.885813e+01 -1.561607e+00 +2.855574e+04 -2.624144e+02
+1.502128e+05 +2.703403e+04 -5.255380e-01 +3.594827e-01 +3.919081e+01 +3.919246e+01 -1.561624e+00 +2.703289e+04 -2.479626e+02
+1.573212e+05 +2.643125e+04 -8.687861e-01 +5.803485e-01 +3.827061e+01 +3.827501e+01 -1.555633e+00 +2.642821e+04 -4.007664e+02
+1.647660e+05 +2.482083e+04 -5.303862e-01 +3.602464e-01 +3.891506e+01 +3.891673e+01 -1.561539e+00 +2.481977e+04 -2.297628e+02
+1.725630e+05 +2.509375e+04 -2.298017e-01 +1.474131e-01 +3.675389e+01 +3.675418e+01 -1.566786e+00 +2.509355e+04 -1.006456e+02
+1.807291e+05 +2.410694e+04 -5.691713e-01 +3.628800e-01 +3.652821e+01 +3.653002e+01 -1.560862e+00 +2.410575e+04 -2.394723e+02
+1.892816e+05 +2.276597e+04 -2.336802e-01 +1.506342e-01 +3.693362e+01 +3.693393e+01 -1.566718e+00 +2.276578e+04 -9.285051e+01
+1.982388e+05 +2.129097e+04 -5.682016e-01 +3.739458e-01 +3.770635e+01 +3.770821e+01 -1.560879e+00 +2.128993e+04 -2.111389e+02
+2.076199e+05 +2.082639e+04 -2.201054e-01 +1.413983e-01 +3.680729e+01 +3.680756e+01 -1.566955e+00 +2.082624e+04 -8.000571e+01
+2.174450e+05 +1.996458e+04 -2.201054e-01 +1.408372e-01 +3.666125e+01 +3.666152e+01 -1.566955e+00 +1.996444e+04 -7.669504e+01
+2.277350e+05 +1.917361e+04 -2.230143e-01 +1.418716e-01 +3.644880e+01 +3.644907e+01 -1.566904e+00 +1.917347e+04 -7.462990e+01
+2.385119e+05 +1.836875e+04 -2.191358e-01 +1.389377e-01 +3.632681e+01 +3.632708e+01 -1.566972e+00 +1.836862e+04 -7.025370e+01
+2.497988e+05 +1.815625e+04 -5.594750e-01 +3.426532e-01 +3.508996e+01 +3.509164e+01 -1.561032e+00 +1.815538e+04 -1.772872e+02
+2.616198e+05 +1.604653e+04 -8.581202e-01 +5.677768e-01 +3.790702e+01 +3.791127e+01 -1.555819e+00 +1.604473e+04 -2.403202e+02
+2.740003e+05 +1.535417e+04 -5.255380e-01 +3.469911e-01 +3.782898e+01 +3.783057e+01 -1.561624e+00 +1.535352e+04 -1.408321e+02
+2.869666e+05 +1.495903e+04 -8.639380e-01 +5.590220e-01 +3.707115e+01 +3.707537e+01 -1.555718e+00 +1.495733e+04 -2.255521e+02
+3.005465e+05 +1.432014e+04 -5.226291e-01 +3.373077e-01 +3.697798e+01 +3.697952e+01 -1.561675e+00 +1.431954e+04 -1.306208e+02
+3.147690e+05 +1.352569e+04 -8.697557e-01 +5.674487e-01 +3.737821e+01 +3.738252e+01 -1.555616e+00 +1.352414e+04 -2.053135e+02
+3.296646e+05 +1.291181e+04 -8.707254e-01 +5.682019e-01 +3.738615e+01 +3.739046e+01 -1.555599e+00 +1.291031e+04 -1.962135e+02
+3.452650e+05 +1.229375e+04 -8.707254e-01 +5.698033e-01 +3.749152e+01 +3.749584e+01 -1.555599e+00 +1.229233e+04 -1.868212e+02
+3.616038e+05 +1.174028e+04 -8.658772e-01 +5.665340e-01 +3.748515e+01 +3.748943e+01 -1.555684e+00 +1.173894e+04 -1.774171e+02
+3.787157e+05 +1.129861e+04 -7.727930e-01 +5.016597e-01 +3.719138e+01 +3.719476e+01 -1.557309e+00 +1.129758e+04 -1.523886e+02
+3.966373e+05 +1.075417e+04 -4.285753e-01 +2.790938e-01 +3.731106e+01 +3.731211e+01 -1.563316e+00 +1.075387e+04 -8.044095e+01
+4.154071e+05 +1.000486e+04 -7.621271e-01 +5.093627e-01 +3.829100e+01 +3.829439e+01 -1.557495e+00 +1.000398e+04 -1.330770e+02
+4.350651e+05 +9.058333e+03 -7.078280e-01 +4.988979e-01 +4.038169e+01 +4.038477e+01 -1.558442e+00 +9.057642e+03 -1.119032e+02
+4.556533e+05 +8.855556e+03 -7.117065e-01 +4.899332e-01 +3.943994e+01 +3.944299e+01 -1.558375e+00 +8.854872e+03 -1.099975e+02
+4.772158e+05 +8.662500e+03 -7.078280e-01 +4.756156e-01 +3.849718e+01 +3.850011e+01 -1.558442e+00 +8.661839e+03 -1.070132e+02
+4.997988e+05 +8.244444e+03 -3.626406e-01 +2.444638e-01 +3.862379e+01 +3.862456e+01 -1.564467e+00 +8.244279e+03 -5.218099e+01
+5.234504e+05 +7.838194e+03 -3.636103e-01 +2.461723e-01 +3.879001e+01 +3.879079e+01 -1.564450e+00 +7.838037e+03 -4.974239e+01
+5.482212e+05 +8.150694e+03 -3.577925e-01 +2.224208e-01 +3.561732e+01 +3.561801e+01 -1.564552e+00 +8.150536e+03 -5.089796e+01
+5.741642e+05 +7.600000e+03 -4.266360e-01 +2.715822e-01 +3.647190e+01 +3.647291e+01 -1.563350e+00 +7.599789e+03 -5.659062e+01
+6.013350e+05 +7.223611e+03 -4.305145e-01 +2.753027e-01 +3.663845e+01 +3.663948e+01 -1.563282e+00 +7.223407e+03 -5.427695e+01
+6.297915e+05 +7.288194e+03 -4.256664e-01 +2.576002e-01 +3.467300e+01 +3.467396e+01 -1.563367e+00 +7.287993e+03 -5.414554e+01
+6.595946e+05 +7.374306e+03 -4.702693e-01 +2.685598e-01 +3.271955e+01 +3.272065e+01 -1.562589e+00 +7.374057e+03 -6.052576e+01
+6.908081e+05 +6.866667e+03 -8.009122e-01 +4.689914e-01 +3.354859e+01 +3.355187e+01 -1.556818e+00 +6.865996e+03 -9.598295e+01
+7.234987e+05 +6.563194e+03 -7.960641e-01 +4.656703e-01 +3.351392e+01 +3.351715e+01 -1.556902e+00 +6.562561e+03 -9.118569e+01
+7.577363e+05 +6.338194e+03 -1.143191e+00 +6.611557e-01 +3.313218e+01 +3.313878e+01 -1.550844e+00 +6.336933e+03 -1.264541e+02
+7.935940e+05 +6.116667e+03 -1.131555e+00 +6.474881e-01 +3.278100e+01 +3.278740e+01 -1.551047e+00 +6.115474e+03 -1.207924e+02
+8.311487e+05 +5.229167e+03 -1.140282e+00 +7.287353e-01 +3.661196e+01 +3.661921e+01 -1.550895e+00 +5.228131e+03 -1.040623e+02
+8.704805e+05 +5.007639e+03 -1.153857e+00 +7.352380e-01 +3.650396e+01 +3.651137e+01 -1.550658e+00 +5.006623e+03 -1.008400e+02
+9.116736e+05 +4.845833e+03 -1.473834e+00 +9.265956e-01 +3.601377e+01 +3.602569e+01 -1.545073e+00 +4.844230e+03 -1.246368e+02
+9.548160e+05 +4.582639e+03 -1.472864e+00 +9.349255e-01 +3.636146e+01 +3.637348e+01 -1.545090e+00 +4.581125e+03 -1.177898e+02
+1.000000e+06 +4.390278e+03 -1.469955e+00 +9.299550e-01 +3.623975e+01 +3.625168e+01 -1.545141e+00 +4.388833e+03 -1.126227e+02
